traffic_48_24_DLinear_custom_ftMS_sl48_ll12_pl24_dm512_nh8_el2_dl1_df2048_fc1_ebtimeF_dtTrue_Exp_0  
mse:0.2834278345108032, mae:0.38264161348342896, rse:0.39490631222724915, corr:[0.4098889  0.4310081  0.43362147 0.43758097 0.43793964 0.43760934
 0.43741152 0.43733978 0.4378421  0.43804783 0.4387306  0.4385951
 0.43827188 0.43831518 0.4380141  0.43796647 0.4381849  0.438573
 0.43923962 0.4402719  0.4406619  0.44066706 0.43988404 0.44007635]

traffic_48_24_DLinear_custom_ftMS_sl48_ll12_pl24_dm512_nh8_el2_dl1_df2048_fc1_ebtimeF_dtTrue_Exp_1  
mse:0.28432944416999817, mae:0.384126216173172, rse:0.3955339193344116, corr:[0.40938616 0.43125042 0.43370277 0.43778446 0.43838924 0.438062
 0.4374322  0.43772057 0.43804538 0.43860865 0.4392072  0.43951893
 0.4392724  0.43858767 0.43870372 0.43889537 0.43919542 0.43949515
 0.43981978 0.44043842 0.44067028 0.44067714 0.43974003 0.43963206]

traffic_48_24_DLinear_custom_ftMS_sl48_ll12_pl24_dm512_nh8_el2_dl1_df2048_fc1_ebtimeF_dtTrue_Exp_2  
mse:0.2795310616493225, mae:0.378238320350647, rse:0.39218220114707947, corr:[0.41012374 0.4315086  0.4338125  0.4375699  0.43797782 0.43782386
 0.4373074  0.4371683  0.43741047 0.43819126 0.43903655 0.4387216
 0.43820307 0.43813848 0.43844736 0.4384079  0.43817043 0.4387038
 0.43991336 0.44014153 0.44040945 0.44010592 0.43948978 0.4394267 ]

traffic_48_24_DLinear_custom_ftMS_sl48_ll12_pl24_dm512_nh8_el2_dl1_df2048_fc1_ebtimeF_dtTrue_Exp_3  
mse:0.2677505612373352, mae:0.35913506150245667, rse:0.38382917642593384, corr:[0.40883642 0.4300408  0.43146247 0.43623596 0.43759522 0.43684596
 0.437963   0.43758503 0.4359859  0.43584934 0.43744564 0.43739164
 0.43907088 0.43927673 0.4372969  0.4381019  0.43716294 0.43705985
 0.43808693 0.43798572 0.43886334 0.4400521  0.44006333 0.43979105]

traffic_48_24_DLinear_custom_ftMS_sl48_ll12_pl24_dm512_nh8_el2_dl1_df2048_fc1_ebtimeF_dtTrue_Exp_4  
mse:0.2811071276664734, mae:0.38034677505493164, rse:0.39328625798225403, corr:[0.40846714 0.43043223 0.43356487 0.4374461  0.43777555 0.43720794
 0.43610102 0.436807   0.43778992 0.4386993  0.43977398 0.4405241
 0.43973145 0.4387899  0.43916255 0.43914688 0.4392762  0.439117
 0.44026378 0.44122997 0.44144815 0.44090644 0.43954918 0.4389211 ]

traffic_48_24_DLinear_custom_ftS_sl48_ll12_pl24_dm512_nh8_el2_dl1_df2048_fc1_ebtimeF_dtTrue_Exp_0  
mse:0.28343072533607483, mae:0.3826412260532379, rse:0.3949083089828491, corr:[0.40988517 0.4310048  0.43362594 0.43758342 0.43793815 0.43761507
 0.43741053 0.43733898 0.4378436  0.4380518  0.4387311  0.4385992
 0.43827358 0.43831533 0.43801343 0.43796843 0.4381839  0.43856922
 0.4392416  0.44027266 0.44066256 0.44067177 0.43988264 0.4400759 ]

traffic_48_24_DLinear_custom_ftS_sl48_ll12_pl24_dm512_nh8_el2_dl1_df2048_fc1_ebtimeF_dtTrue_Exp_1  
mse:0.284331738948822, mae:0.3841295838356018, rse:0.39553552865982056, corr:[0.40939093 0.43124866 0.43369362 0.43778673 0.43839377 0.4380582
 0.437433   0.43771762 0.43804842 0.43860906 0.43920353 0.4395187
 0.4392721  0.4385864  0.43870276 0.4388981  0.43919626 0.43949237
 0.4398152  0.4404391  0.44066912 0.44067484 0.43973967 0.4396367 ]

traffic_48_24_DLinear_custom_ftS_sl48_ll12_pl24_dm512_nh8_el2_dl1_df2048_fc1_ebtimeF_dtTrue_Exp_2  
mse:0.2795370817184448, mae:0.3782481253147125, rse:0.39218640327453613, corr:[0.4101271  0.43151507 0.4338093  0.43757385 0.43797806 0.43782294
 0.43730533 0.43717086 0.4374033  0.43819335 0.43904087 0.43872273
 0.43820322 0.43813694 0.4384505  0.43840644 0.43817246 0.438704
 0.43991324 0.44014296 0.4404063  0.4401072  0.43948808 0.43942997]

traffic_48_24_DLinear_custom_ftS_sl48_ll12_pl24_dm512_nh8_el2_dl1_df2048_fc1_ebtimeF_dtTrue_Exp_3  
mse:0.26774486899375916, mae:0.3591344654560089, rse:0.3838251233100891, corr:[0.4088372  0.4300473  0.43146148 0.43623674 0.4375992  0.43685526
 0.43796435 0.4375812  0.4359845  0.43584976 0.4374495  0.4373951
 0.439071   0.43928114 0.4372992  0.43809992 0.4371607  0.4370549
 0.43808588 0.43797642 0.43885994 0.44004953 0.4400654  0.43978855]

traffic_48_24_DLinear_custom_ftS_sl48_ll12_pl24_dm512_nh8_el2_dl1_df2048_fc1_ebtimeF_dtTrue_Exp_4  
mse:0.28110355138778687, mae:0.38034436106681824, rse:0.39328375458717346, corr:[0.4084692  0.43042788 0.4335708  0.43744406 0.43777537 0.43720955
 0.43609253 0.4368071  0.4377882  0.4387027  0.4397734  0.44052443
 0.43973094 0.43878973 0.43916214 0.43914962 0.43927622 0.43911517
 0.44026133 0.44123283 0.4414497  0.44091177 0.43954825 0.43891978]

traffic_48_24_NLinear_custom_ftMS_sl48_ll12_pl24_dm512_nh8_el2_dl1_df2048_fc1_ebtimeF_dtTrue_Exp_0  
mse:0.24980054795742035, mae:0.3213723599910736, rse:0.37074005603790283, corr:[0.40883365 0.42880768 0.43057606 0.43400759 0.43372816 0.43335465
 0.43179804 0.43101576 0.43140617 0.43245262 0.43297753 0.4327461
 0.43220264 0.4314076  0.43114105 0.43122163 0.43198237 0.43330696
 0.43406233 0.43473965 0.43516022 0.43478876 0.4340671  0.43483102]

traffic_48_24_NLinear_custom_ftMS_sl48_ll12_pl24_dm512_nh8_el2_dl1_df2048_fc1_ebtimeF_dtTrue_Exp_1  
mse:0.24961407482624054, mae:0.32137060165405273, rse:0.370601624250412, corr:[0.40761292 0.42891166 0.4305862  0.43423665 0.43419933 0.43344724
 0.43235466 0.43189856 0.43187863 0.43271843 0.4334679  0.43316868
 0.43224397 0.43118417 0.43065634 0.431059   0.43202677 0.4330197
 0.4338559  0.4346026  0.43483424 0.43461528 0.4338692  0.4343923 ]

traffic_48_24_NLinear_custom_ftMS_sl48_ll12_pl24_dm512_nh8_el2_dl1_df2048_fc1_ebtimeF_dtTrue_Exp_2  
mse:0.2502267062664032, mae:0.32269829511642456, rse:0.3710561692714691, corr:[0.40738234 0.42914698 0.4304279  0.43359524 0.43385968 0.43280986
 0.43245074 0.43006265 0.43100494 0.43223292 0.43289283 0.43276367
 0.43172455 0.43074203 0.43065962 0.43171167 0.43337598 0.43410274
 0.4353408  0.43541533 0.43476358 0.43515074 0.43450847 0.43483794]

traffic_48_24_NLinear_custom_ftMS_sl48_ll12_pl24_dm512_nh8_el2_dl1_df2048_fc1_ebtimeF_dtTrue_Exp_3  
mse:0.24961581826210022, mae:0.3213708996772766, rse:0.37060296535491943, corr:[0.40785825 0.4290555  0.43061477 0.43420765 0.4341142  0.43336996
 0.43233025 0.431993   0.43201163 0.4327978  0.43345657 0.43320727
 0.4321619  0.43111137 0.43078408 0.43120453 0.43210655 0.43298125
 0.43381095 0.43458918 0.43485063 0.4346344  0.43396246 0.43433088]

traffic_48_24_NLinear_custom_ftMS_sl48_ll12_pl24_dm512_nh8_el2_dl1_df2048_fc1_ebtimeF_dtTrue_Exp_4  
mse:0.2497016191482544, mae:0.3215515911579132, rse:0.37066665291786194, corr:[0.40798628 0.42895806 0.43046913 0.43369564 0.433724   0.4331601
 0.43220007 0.43153453 0.43165737 0.43280697 0.43336868 0.43311608
 0.4320552  0.43097544 0.4307962  0.43165073 0.43292484 0.43337476
 0.43387347 0.4346419  0.434804   0.43462566 0.4340086  0.43453902]

traffic_48_24_NLinear_custom_ftS_sl48_ll12_pl24_dm512_nh8_el2_dl1_df2048_fc1_ebtimeF_dtTrue_Exp_0  
mse:0.24980394542217255, mae:0.3213774263858795, rse:0.3707425594329834, corr:[0.40882358 0.42880931 0.43057585 0.4340068  0.43373626 0.4333585
 0.43179733 0.43102992 0.4314133  0.43243983 0.4329757  0.43274108
 0.43220717 0.43140888 0.4311412  0.4312208  0.43198287 0.4333061
 0.4340571  0.43473738 0.43516052 0.43479022 0.4340679  0.43482998]

traffic_48_24_NLinear_custom_ftS_sl48_ll12_pl24_dm512_nh8_el2_dl1_df2048_fc1_ebtimeF_dtTrue_Exp_1  
mse:0.24961477518081665, mae:0.3213641345500946, rse:0.37060219049453735, corr:[0.4076103  0.42891094 0.43058833 0.4342431  0.4342037  0.433447
 0.43235698 0.43191275 0.43187267 0.43272403 0.43347162 0.43317086
 0.43225035 0.43118468 0.43065685 0.43105835 0.43202707 0.43301556
 0.43385097 0.43460232 0.43483755 0.4346143  0.433871   0.43439227]

traffic_48_24_NLinear_custom_ftS_sl48_ll12_pl24_dm512_nh8_el2_dl1_df2048_fc1_ebtimeF_dtTrue_Exp_2  
mse:0.2502249777317047, mae:0.32269248366355896, rse:0.37105488777160645, corr:[0.40738016 0.42914572 0.4304275  0.43360335 0.4338584  0.43281046
 0.43244377 0.43005478 0.43100855 0.43223205 0.4328848  0.43276894
 0.4317303  0.43074393 0.43065852 0.43170524 0.4333761  0.4341084
 0.43534338 0.43541214 0.4347601  0.4351532  0.4345106  0.43483722]

traffic_48_24_NLinear_custom_ftS_sl48_ll12_pl24_dm512_nh8_el2_dl1_df2048_fc1_ebtimeF_dtTrue_Exp_3  
mse:0.2496166080236435, mae:0.32137197256088257, rse:0.3706035614013672, corr:[0.4078529  0.42905352 0.43061587 0.43420836 0.43410382 0.43337566
 0.43232366 0.43200323 0.43201232 0.43279514 0.4334544  0.43321085
 0.43216997 0.4311114  0.43078417 0.4312016  0.43210834 0.43298483
 0.4338213  0.43458828 0.43484855 0.43463317 0.43396282 0.43432972]

traffic_48_24_NLinear_custom_ftS_sl48_ll12_pl24_dm512_nh8_el2_dl1_df2048_fc1_ebtimeF_dtTrue_Exp_4  
mse:0.24970324337482452, mae:0.32155054807662964, rse:0.37066784501075745, corr:[0.4079887  0.4289572  0.4304678  0.433694   0.43372485 0.43315807
 0.43219396 0.4315293  0.43166155 0.4328146  0.43336737 0.43311775
 0.43205982 0.4309751  0.43079627 0.43165034 0.43292558 0.43337142
 0.4338733  0.43464503 0.43480358 0.4346279  0.43400967 0.43453884]

traffic_48_24_Linear_custom_ftMS_sl48_ll12_pl24_dm512_nh8_el2_dl1_df2048_fc1_ebtimeF_dtTrue_Exp_0  
mse:0.2850465774536133, mae:0.3844122588634491, rse:0.3960323929786682, corr:[0.40968627 0.43077514 0.43369702 0.43765837 0.43782145 0.4376454
 0.43716964 0.4370056  0.43735805 0.43792832 0.43844908 0.4388186
 0.4391968  0.4390477  0.4390434  0.43870276 0.43883407 0.4393927
 0.43980333 0.4405015  0.44111094 0.44090307 0.43995774 0.4401789 ]

traffic_48_24_Linear_custom_ftMS_sl48_ll12_pl24_dm512_nh8_el2_dl1_df2048_fc1_ebtimeF_dtTrue_Exp_1  
mse:0.28363585472106934, mae:0.3811461329460144, rse:0.3950512111186981, corr:[0.41068426 0.4359861  0.43289027 0.43573585 0.43649933 0.43838322
 0.43659717 0.43495524 0.4316998  0.4371056  0.43585655 0.44144088
 0.4395231  0.4407987  0.43946737 0.4379348  0.43765557 0.43732387
 0.43626037 0.43725836 0.43992314 0.44164547 0.43944672 0.4407524 ]

traffic_48_24_Linear_custom_ftMS_sl48_ll12_pl24_dm512_nh8_el2_dl1_df2048_fc1_ebtimeF_dtTrue_Exp_2  
mse:0.28207436203956604, mae:0.38246268033981323, rse:0.3939622640609741, corr:[0.40888914 0.4323917  0.4345303  0.43845984 0.4372994  0.4367585
 0.43762773 0.43767935 0.44021314 0.43900275 0.4391251  0.4394198
 0.43740267 0.4377623  0.43820044 0.43749368 0.43850994 0.43883127
 0.44147375 0.44109866 0.44127887 0.44153512 0.43905687 0.43978804]

traffic_48_24_Linear_custom_ftMS_sl48_ll12_pl24_dm512_nh8_el2_dl1_df2048_fc1_ebtimeF_dtTrue_Exp_3  
mse:0.2813408076763153, mae:0.3795655369758606, rse:0.39344969391822815, corr:[0.40683162 0.43056837 0.43371964 0.43843663 0.43914115 0.439525
 0.43871832 0.43831185 0.43683827 0.43725687 0.43856892 0.43674415
 0.43728682 0.4368796  0.43754563 0.438745   0.43864623 0.43874666
 0.43810973 0.43832004 0.4401583  0.4411944  0.43910888 0.439071  ]

traffic_48_24_Linear_custom_ftMS_sl48_ll12_pl24_dm512_nh8_el2_dl1_df2048_fc1_ebtimeF_dtTrue_Exp_4  
mse:0.2845766544342041, mae:0.3839491903781891, rse:0.39570584893226624, corr:[0.40952364 0.43137825 0.43384007 0.4376856  0.43805873 0.43787146
 0.4375751  0.43771407 0.4378423  0.43837848 0.43881828 0.43890014
 0.4386184  0.43825182 0.4383511  0.43868777 0.43896586 0.43925723
 0.43965006 0.44033298 0.44056633 0.44060495 0.43976176 0.43999308]

traffic_48_24_Linear_custom_ftS_sl48_ll12_pl24_dm512_nh8_el2_dl1_df2048_fc1_ebtimeF_dtTrue_Exp_0  
mse:0.28504616022109985, mae:0.38440656661987305, rse:0.3960321247577667, corr:[0.4096876  0.4307833  0.43369883 0.4376638  0.437825   0.4376474
 0.43716624 0.43701145 0.4373645  0.43793124 0.43845245 0.43882248
 0.43919584 0.43904984 0.4390472  0.43870217 0.43883643 0.43939325
 0.43980545 0.44050556 0.44111618 0.4409053  0.4399606  0.44018206]

traffic_48_24_Linear_custom_ftS_sl48_ll12_pl24_dm512_nh8_el2_dl1_df2048_fc1_ebtimeF_dtTrue_Exp_1  
mse:0.2836419343948364, mae:0.38114112615585327, rse:0.3950554430484772, corr:[0.41068113 0.43599182 0.4328958  0.43574128 0.43650517 0.43838832
 0.4366041  0.43495002 0.4317068  0.43710566 0.43585798 0.44144338
 0.439524   0.4408045  0.439469   0.4379379  0.43765727 0.4373293
 0.43625826 0.4372577  0.43992773 0.44164765 0.4394469  0.4407585 ]

traffic_48_24_Linear_custom_ftS_sl48_ll12_pl24_dm512_nh8_el2_dl1_df2048_fc1_ebtimeF_dtTrue_Exp_2  
mse:0.28208139538764954, mae:0.3824580907821655, rse:0.3939671516418457, corr:[0.40888298 0.43240082 0.4345362  0.43846583 0.43729836 0.43676543
 0.4376357  0.4376825  0.44021773 0.43900552 0.43912753 0.43942317
 0.43740648 0.4377647  0.43820506 0.4374972  0.4385153  0.43883622
 0.44147944 0.44110435 0.4412857  0.44153908 0.43905944 0.43979335]

traffic_48_24_Linear_custom_ftS_sl48_ll12_pl24_dm512_nh8_el2_dl1_df2048_fc1_ebtimeF_dtTrue_Exp_3  
mse:0.28134381771087646, mae:0.37956103682518005, rse:0.3934517502784729, corr:[0.406838   0.43057653 0.43372652 0.43844023 0.4391414  0.4395273
 0.4387134  0.43831775 0.43684703 0.4372605  0.43857166 0.43675074
 0.4372859  0.43688342 0.43755054 0.438745   0.4386462  0.4387457
 0.43810993 0.43832234 0.4401636  0.44119787 0.43911108 0.43907225]

traffic_48_24_Linear_custom_ftS_sl48_ll12_pl24_dm512_nh8_el2_dl1_df2048_fc1_ebtimeF_dtTrue_Exp_4  
mse:0.2845863401889801, mae:0.3839493989944458, rse:0.39571258425712585, corr:[0.40951133 0.4313889  0.4338438  0.43769482 0.43806353 0.4378728
 0.4375743  0.43771815 0.43785027 0.43838215 0.4388262  0.43890476
 0.4386169  0.4382537  0.4383504  0.4386901  0.43896505 0.4392606
 0.43964896 0.44033575 0.44057113 0.44061035 0.43976438 0.43999693]

traffic__48_24_Autoformer_custom_ftS_sl48_ll12_pl24_dm512_nh8_el2_dl1_df2048_fc3_ebtimeF_dtTrue_Exp_0  
mse:0.23317851126194, mae:0.34328579902648926, rse:0.35819298028945923, corr:[0.44673082 0.43364772 0.43551055 0.43769014 0.43864864 0.43825758
 0.43888912 0.43954098 0.43978152 0.43922314 0.43671703 0.43515718
 0.43493578 0.43696457 0.44097468 0.44477698 0.44556183 0.44434988
 0.44349205 0.44411486 0.4443959  0.44356045 0.43963814 0.44448793]

traffic__48_24_Autoformer_custom_ftS_sl48_ll12_pl24_dm512_nh8_el2_dl1_df2048_fc3_ebtimeF_dtTrue_Exp_1  
mse:0.22589658200740814, mae:0.3335568904876709, rse:0.35255563259124756, corr:[0.44717714 0.43556464 0.4363538  0.43753546 0.43809858 0.43685073
 0.43566316 0.43520156 0.43478176 0.43450835 0.4339558  0.4322494
 0.43460977 0.4386222  0.44143236 0.44166896 0.4395507  0.43766832
 0.43748382 0.43930584 0.4410571  0.44309133 0.43956316 0.44694602]

traffic__48_24_Autoformer_custom_ftS_sl48_ll12_pl24_dm512_nh8_el2_dl1_df2048_fc3_ebtimeF_dtTrue_Exp_2  
mse:0.2546426057815552, mae:0.37303057312965393, rse:0.37431600689888, corr:[0.44794708 0.43913943 0.44116282 0.43905416 0.4332455  0.4289965
 0.4312044  0.43577528 0.4370521  0.43350643 0.42814994 0.42350346
 0.42573664 0.42937958 0.4336058  0.43530875 0.43747357 0.4401632
 0.44317    0.44602457 0.44676456 0.4442673  0.44054252 0.4412748 ]

traffic__48_24_Autoformer_custom_ftS_sl48_ll12_pl24_dm512_nh8_el2_dl1_df2048_fc3_ebtimeF_dtTrue_Exp_3  
mse:0.25519469380378723, mae:0.3641716539859772, rse:0.3747215270996094, corr:[0.44359088 0.4358663  0.43648556 0.43532145 0.43437466 0.43151277
 0.43314573 0.43755823 0.438739   0.43684277 0.43185565 0.42854172
 0.4300442  0.43493888 0.43682033 0.43844113 0.4406867  0.441064
 0.44025195 0.4403525  0.44081604 0.439395   0.4348723  0.44316304]

traffic__48_24_Autoformer_custom_ftS_sl48_ll12_pl24_dm512_nh8_el2_dl1_df2048_fc3_ebtimeF_dtTrue_Exp_4  
mse:0.21252430975437164, mae:0.32127314805984497, rse:0.34196144342422485, corr:[0.44866243 0.44535708 0.44497144 0.44295245 0.44082713 0.439472
 0.43903542 0.4389423  0.43769944 0.43516964 0.43315437 0.4325848
 0.43405777 0.4384022  0.43995416 0.43865097 0.4382857  0.43986595
 0.44266856 0.4454275  0.44655898 0.4464657  0.44271612 0.4380455 ]

traffic_48_24_Autoformer_custom_ftMS_sl48_ll12_pl24_dm512_nh8_el2_dl1_df2048_fc3_ebtimeF_dtTrue_Exp_0  
mse:0.3136931359767914, mae:0.4042765200138092, rse:0.41545626521110535, corr:[0.4443708  0.44499356 0.44641894 0.44653124 0.44722793 0.4482541
 0.44962358 0.45056415 0.45000163 0.4495035  0.449628   0.44948906
 0.44963676 0.45003963 0.44797605 0.4448956  0.44235942 0.43979403
 0.44079933 0.44635883 0.45121914 0.45230165 0.4471937  0.42736357]

traffic_48_24_Autoformer_custom_ftMS_sl48_ll12_pl24_dm512_nh8_el2_dl1_df2048_fc3_ebtimeF_dtTrue_Exp_1  
mse:0.252707839012146, mae:0.3589232861995697, rse:0.37289121747016907, corr:[0.4464415  0.44413185 0.44404623 0.44436336 0.44466963 0.44368201
 0.4443846  0.44455254 0.4447865  0.44668677 0.44897383 0.44914442
 0.44778517 0.44777298 0.446118   0.44451633 0.4445826  0.4447068
 0.44558415 0.44694358 0.44684315 0.44604126 0.44478792 0.43786547]

traffic_48_24_Autoformer_custom_ftMS_sl48_ll12_pl24_dm512_nh8_el2_dl1_df2048_fc3_ebtimeF_dtTrue_Exp_2  
mse:0.2899732291698456, mae:0.37095528841018677, rse:0.399440199136734, corr:[0.4374015  0.43215507 0.43560642 0.43717372 0.4374161  0.43757942
 0.44101363 0.44370678 0.4439895  0.44383833 0.44497606 0.4449127
 0.44526476 0.4451454  0.44283697 0.4413121  0.4418598  0.44144392
 0.44420162 0.4509708  0.45547134 0.45146406 0.4363416  0.43474054]

traffic_48_24_Autoformer_custom_ftMS_sl48_ll12_pl24_dm512_nh8_el2_dl1_df2048_fc3_ebtimeF_dtTrue_Exp_3  
mse:0.31989720463752747, mae:0.3963182866573334, rse:0.4195445477962494, corr:[0.4390581  0.43873966 0.44233817 0.44609118 0.44829845 0.44909662
 0.4507363  0.4519222  0.45199713 0.45084357 0.45228672 0.44988132
 0.44530448 0.44198868 0.44307274 0.44507605 0.44675812 0.4475779
 0.4461819  0.44415104 0.44080842 0.43733755 0.43646887 0.43244642]

traffic_48_24_Autoformer_custom_ftMS_sl48_ll12_pl24_dm512_nh8_el2_dl1_df2048_fc3_ebtimeF_dtTrue_Exp_4  
mse:0.31490767002105713, mae:0.3986707031726837, rse:0.416259765625, corr:[0.4555498  0.4513458  0.4518312  0.44964516 0.44877407 0.4476429
 0.4476179  0.44725376 0.44619265 0.4474751  0.4503435  0.45170128
 0.452862   0.45404345 0.45439085 0.45415336 0.45299858 0.45032257
 0.44996133 0.4522289  0.45403785 0.45358348 0.44901443 0.44517034]

traffic__48_24_Informer_custom_ftS_sl48_ll12_pl24_dm512_nh8_el2_dl1_df2048_fc3_ebtimeF_dtTrue_Exp_0  
mse:0.17148824036121368, mae:0.2573065757751465, rse:0.30717793107032776, corr:[0.44985828 0.44902205 0.44815207 0.4468417  0.44639418 0.4463526
 0.44749832 0.4502136  0.45031705 0.44874567 0.4506884  0.44911945
 0.44943035 0.44990462 0.45022202 0.45085758 0.44729602 0.4475439
 0.448665   0.44999012 0.44908118 0.44746214 0.44867864 0.4487787 ]

traffic__48_24_Informer_custom_ftS_sl48_ll12_pl24_dm512_nh8_el2_dl1_df2048_fc3_ebtimeF_dtTrue_Exp_1  
mse:0.17860284447669983, mae:0.26326268911361694, rse:0.31348517537117004, corr:[0.45233947 0.44908816 0.44851106 0.44778827 0.45177013 0.45083934
 0.44825295 0.44764903 0.44725126 0.4503956  0.45058    0.4499661
 0.45089778 0.45140076 0.44793332 0.45213208 0.4500749  0.45063105
 0.45356342 0.45047802 0.44739303 0.44821167 0.44641125 0.4503152 ]

traffic__48_24_Informer_custom_ftS_sl48_ll12_pl24_dm512_nh8_el2_dl1_df2048_fc3_ebtimeF_dtTrue_Exp_2  
mse:0.1722268909215927, mae:0.2581017315387726, rse:0.3078387677669525, corr:[0.4516548  0.44961643 0.44919693 0.44652137 0.44715405 0.45023695
 0.44804713 0.4466734  0.44833052 0.45099136 0.45199633 0.45044553
 0.44823623 0.4526612  0.45198756 0.44926357 0.44899496 0.4510023
 0.451341   0.4483813  0.44482982 0.4484183  0.44891474 0.45049042]

traffic__48_24_Informer_custom_ftS_sl48_ll12_pl24_dm512_nh8_el2_dl1_df2048_fc3_ebtimeF_dtTrue_Exp_3  
mse:0.17456704378128052, mae:0.2638359069824219, rse:0.30992311239242554, corr:[0.4502189  0.45377585 0.4518193  0.4478512  0.45011142 0.44895405
 0.4476055  0.44987383 0.4514756  0.4532197  0.45325226 0.45202005
 0.451728   0.4516294  0.44921833 0.4514929  0.4485955  0.4502972
 0.45055825 0.4480141  0.44390222 0.44566798 0.4471109  0.45146778]

traffic__48_24_Informer_custom_ftS_sl48_ll12_pl24_dm512_nh8_el2_dl1_df2048_fc3_ebtimeF_dtTrue_Exp_4  
mse:0.171649768948555, mae:0.25804927945137024, rse:0.30732256174087524, corr:[0.4487112  0.44833487 0.44510877 0.44528    0.44816712 0.4485008
 0.44822937 0.44861442 0.44910815 0.44965458 0.45052013 0.44734138
 0.44889316 0.44868377 0.45086065 0.44741148 0.44677797 0.44665542
 0.44970897 0.4470236  0.44206268 0.44549757 0.44736537 0.4507646 ]

traffic_48_24_Informer_custom_ftMS_sl48_ll12_pl24_dm512_nh8_el2_dl1_df2048_fc3_ebtimeF_dtTrue_Exp_0  
mse:0.2909422218799591, mae:0.35314521193504333, rse:0.4001070261001587, corr:[0.4493937  0.451934   0.44969043 0.44996107 0.45261228 0.4528207
 0.45246977 0.45232302 0.45155504 0.45242202 0.4510358  0.4499348
 0.4479308  0.4500192  0.44891083 0.45125884 0.44945982 0.44990656
 0.45118228 0.4483577  0.4467925  0.4454982  0.4425405  0.44681078]

traffic_48_24_Informer_custom_ftMS_sl48_ll12_pl24_dm512_nh8_el2_dl1_df2048_fc3_ebtimeF_dtTrue_Exp_1  
mse:0.3133712708950043, mae:0.3661060631275177, rse:0.41524308919906616, corr:[0.4523926  0.45215178 0.4533027  0.45197615 0.4526773  0.45475397
 0.45279205 0.45176932 0.45588332 0.45406517 0.45247152 0.4492365
 0.44926733 0.45091042 0.45146194 0.45007345 0.45040405 0.45191446
 0.45028335 0.44733492 0.4473627  0.44706568 0.44718376 0.44829145]

traffic_48_24_Informer_custom_ftMS_sl48_ll12_pl24_dm512_nh8_el2_dl1_df2048_fc3_ebtimeF_dtTrue_Exp_2  
mse:0.33914583921432495, mae:0.3914629817008972, rse:0.4319824278354645, corr:[0.4525141  0.45232654 0.45252383 0.45106453 0.45442316 0.452676
 0.45455447 0.4531107  0.45612198 0.45671195 0.4557878  0.45182407
 0.45158973 0.4533809  0.45391604 0.44996944 0.44580787 0.44550097
 0.4467392  0.4429147  0.44357917 0.44762394 0.45031965 0.45080042]

traffic_48_24_Informer_custom_ftMS_sl48_ll12_pl24_dm512_nh8_el2_dl1_df2048_fc3_ebtimeF_dtTrue_Exp_3  
mse:0.3258548378944397, mae:0.3786112666130066, rse:0.42343321442604065, corr:[0.44987127 0.44746268 0.4496282  0.45075852 0.45232055 0.45500696
 0.4541727  0.4533218  0.4542662  0.45084345 0.4526358  0.4502582
 0.44829983 0.4503564  0.44999635 0.44736472 0.44447586 0.44545883
 0.4445305  0.44486687 0.44584608 0.4443196  0.44608244 0.44916418]

traffic_48_24_Informer_custom_ftMS_sl48_ll12_pl24_dm512_nh8_el2_dl1_df2048_fc3_ebtimeF_dtTrue_Exp_4  
mse:0.29488879442214966, mae:0.35030418634414673, rse:0.40281161665916443, corr:[0.45137453 0.45075166 0.45063335 0.44811597 0.45007545 0.45103726
 0.4539467  0.4540256  0.4547546  0.45371902 0.45378843 0.45166877
 0.4515592  0.44893146 0.45012772 0.44729784 0.44821247 0.44646978
 0.4480344  0.4437313  0.4455879  0.44484678 0.44640648 0.44434527]

traffic__48_24_Transformer_custom_ftS_sl48_ll12_pl24_dm512_nh8_el2_dl1_df2048_fc3_ebtimeF_dtTrue_Exp_0  
mse:0.15539897978305817, mae:0.23891034722328186, rse:0.2924131453037262, corr:[0.45142066 0.4472678  0.44721258 0.44748253 0.44719985 0.4471474
 0.44810486 0.44904673 0.44997257 0.4509584  0.44967234 0.44710603
 0.44669753 0.44774196 0.4486023  0.4487614  0.4487518  0.44908404
 0.44845232 0.44671643 0.44532794 0.4452538  0.44580165 0.44835448]

traffic__48_24_Transformer_custom_ftS_sl48_ll12_pl24_dm512_nh8_el2_dl1_df2048_fc3_ebtimeF_dtTrue_Exp_1  
mse:0.14250703155994415, mae:0.2317192554473877, rse:0.28002122044563293, corr:[0.4523255  0.44959557 0.4478413  0.44655433 0.44670993 0.4470745
 0.4468444  0.44618618 0.44523585 0.4444863  0.44410586 0.44474798
 0.44530874 0.44422287 0.44293174 0.4422468  0.4415119  0.44104734
 0.44232225 0.44451702 0.44461268 0.44323015 0.4436051  0.44933155]

traffic__48_24_Transformer_custom_ftS_sl48_ll12_pl24_dm512_nh8_el2_dl1_df2048_fc3_ebtimeF_dtTrue_Exp_2  
mse:0.15425486862659454, mae:0.24539443850517273, rse:0.29133471846580505, corr:[0.45344886 0.44726965 0.4486598  0.44832408 0.44790363 0.44870883
 0.44971386 0.45050395 0.4501968  0.44848654 0.44675648 0.44501957
 0.44458792 0.44551143 0.44666633 0.44672257 0.44438407 0.4411702
 0.4403149  0.4407042  0.44202867 0.44343886 0.44424206 0.44839266]

traffic__48_24_Transformer_custom_ftS_sl48_ll12_pl24_dm512_nh8_el2_dl1_df2048_fc3_ebtimeF_dtTrue_Exp_3  
mse:0.15182004868984222, mae:0.23974989354610443, rse:0.28902631998062134, corr:[0.4510058  0.44771305 0.4476696  0.44630086 0.44575492 0.44720805
 0.44881025 0.44916525 0.44904885 0.4487722  0.44854903 0.4482293
 0.44824728 0.44825444 0.44832876 0.44846115 0.44797426 0.44737497
 0.44680598 0.44598937 0.44490978 0.44500095 0.4463929  0.44898286]

traffic__48_24_Transformer_custom_ftS_sl48_ll12_pl24_dm512_nh8_el2_dl1_df2048_fc3_ebtimeF_dtTrue_Exp_4  
mse:0.1545303612947464, mae:0.24045820534229279, rse:0.2915947735309601, corr:[0.45093948 0.4506235  0.4492259  0.44746074 0.4472602  0.4477595
 0.4484142  0.44851747 0.44866112 0.44959763 0.44987807 0.44845957
 0.4474696  0.44761875 0.4475354  0.44707793 0.44657394 0.44617066
 0.4464684  0.4469316  0.44754478 0.44852388 0.44967222 0.44921887]

traffic_48_24_Transformer_custom_ftMS_sl48_ll12_pl24_dm512_nh8_el2_dl1_df2048_fc3_ebtimeF_dtTrue_Exp_0  
mse:0.30433905124664307, mae:0.3577556908130646, rse:0.40921512246131897, corr:[0.4543198  0.45127735 0.45311293 0.45382148 0.45375594 0.45439202
 0.45530763 0.4542136  0.45279408 0.45197982 0.45137814 0.45036826
 0.44958222 0.44927874 0.44946778 0.45030805 0.45079032 0.4498911
 0.4490527  0.4488028  0.44956523 0.4507862  0.45348892 0.45247382]

traffic_48_24_Transformer_custom_ftMS_sl48_ll12_pl24_dm512_nh8_el2_dl1_df2048_fc3_ebtimeF_dtTrue_Exp_1  
mse:0.3025944232940674, mae:0.35558128356933594, rse:0.40804049372673035, corr:[0.45103455 0.45207846 0.45419842 0.45447814 0.45331934 0.45266756
 0.45107877 0.44890788 0.44819435 0.44813824 0.44825256 0.449345
 0.450306   0.45063552 0.4499049  0.4490384  0.4487456  0.44784275
 0.44743145 0.4483684  0.4485501  0.4490259  0.4515588  0.4527279 ]

traffic_48_24_Transformer_custom_ftMS_sl48_ll12_pl24_dm512_nh8_el2_dl1_df2048_fc3_ebtimeF_dtTrue_Exp_2  
mse:0.3465832471847534, mae:0.3883485198020935, rse:0.43669337034225464, corr:[0.4515962  0.45023596 0.45304978 0.45386425 0.45389932 0.45384666
 0.45405364 0.45398894 0.45343605 0.4533596  0.4538163  0.45411575
 0.45399845 0.4530342  0.4516429  0.45033064 0.44967687 0.4487978
 0.44784373 0.44790453 0.44941726 0.45128503 0.4538763  0.4539742 ]

traffic_48_24_Transformer_custom_ftMS_sl48_ll12_pl24_dm512_nh8_el2_dl1_df2048_fc3_ebtimeF_dtTrue_Exp_3  
mse:0.3551609218120575, mae:0.398454487323761, rse:0.4420642852783203, corr:[0.45315257 0.44988924 0.4527372  0.45249233 0.45244113 0.45352873
 0.4550475  0.45515367 0.45409593 0.453175   0.45206508 0.45116603
 0.45032954 0.44998607 0.44903567 0.44814464 0.44763133 0.44644505
 0.4452573  0.44552052 0.4481118  0.45077854 0.45508656 0.45645556]

traffic_48_24_Transformer_custom_ftMS_sl48_ll12_pl24_dm512_nh8_el2_dl1_df2048_fc3_ebtimeF_dtTrue_Exp_4  
mse:0.3574233055114746, mae:0.40174388885498047, rse:0.4434700012207031, corr:[0.45149276 0.4523086  0.45324793 0.45254198 0.45316145 0.4545465
 0.45535117 0.4550929  0.4538908  0.45241877 0.45139307 0.45054996
 0.45095927 0.4515693  0.4507953  0.44873586 0.44737208 0.4469608
 0.44610378 0.44531    0.44546214 0.44536045 0.44799006 0.45107338]

